      0/54     10.9G   0.06237    0.1569    0.1941    0.4134        85       640   0.02645     0.425   0.03434   0.01528   0.05301  0.007464   0.09137
      1/54     10.9G   0.03967   0.01418   0.05446    0.1083        67       640    0.6845    0.1069   0.05835   0.03348   0.04906  0.007033   0.05537
      2/54     10.9G   0.03649   0.01503   0.03909   0.09061        84       640    0.9239   0.09584    0.1264   0.07785   0.05477    0.0071    0.0429
      3/54     12.3G   0.03331   0.01537   0.03329   0.08197        77       640     0.691    0.2192     0.207    0.1266   0.03889  0.007294   0.03261
      4/54     12.3G   0.03062   0.01535   0.02979   0.07576       103       640    0.7216    0.2411    0.2613    0.1666   0.04009  0.007281   0.03336
      5/54     12.3G   0.02902   0.01525    0.0274   0.07167        94       640    0.5372    0.2934    0.2256    0.1569   0.03458  0.007192   0.03063
      6/54     12.3G   0.02823   0.01485   0.02545   0.06854       117       640      0.64    0.3201    0.3445    0.2279   0.03759  0.007048   0.02915
      7/54     12.3G   0.02804   0.01477   0.02418   0.06699        69       640    0.4123    0.4171    0.3351      0.22   0.03615  0.007147   0.02801
      8/54     12.3G   0.02772   0.01437   0.02255   0.06463        78       640    0.6634    0.3186    0.3767    0.2499   0.03281  0.006764   0.02848
      9/54     12.3G   0.02694   0.01424    0.0216   0.06279        48       640    0.6138    0.3495    0.3722    0.2422    0.0397  0.007323    0.0289
     10/54     12.3G   0.02649   0.01428   0.02105   0.06181        94       640    0.5583    0.4317    0.4267    0.2896   0.03337   0.00696   0.02719
     11/54     12.3G   0.02583    0.0144   0.02021   0.06044        58       640    0.6272    0.4542    0.4522    0.3016   0.03301  0.006873   0.02562
     12/54     12.3G   0.02591   0.01401   0.01971   0.05962        84       640    0.5635    0.4677    0.4449    0.2979   0.03493  0.006967   0.02486
     13/54     12.3G   0.02565   0.01402   0.01914   0.05881        92       640    0.6531    0.4752    0.5289    0.3541   0.03286  0.006667   0.02617
     14/54     12.3G    0.0248   0.01404   0.01863   0.05747        58       640    0.5746    0.4079    0.4714     0.329   0.03139   0.00667   0.02434
     15/54     12.3G   0.02482   0.01383   0.01853   0.05719        82       640    0.6218    0.4658    0.5189     0.365   0.03339  0.006657   0.02525
     16/54     12.3G   0.02461   0.01371    0.0179   0.05622        70       640    0.6828    0.4446    0.5324    0.3716   0.03221  0.006626   0.02346
     17/54     12.3G   0.02414   0.01352   0.01732   0.05498        71       640    0.5495    0.5487    0.5293    0.3701   0.03362   0.00679   0.02299
     18/54     12.3G   0.02424   0.01359   0.01716   0.05499        99       640    0.6208    0.5327    0.5643    0.3864   0.03272  0.006544   0.02177
     19/54     12.3G   0.02397   0.01355    0.0172   0.05471        98       640    0.5465    0.5688    0.5353    0.3795   0.03132  0.006664   0.02332
     20/54     12.3G   0.02364   0.01346   0.01644   0.05355        66       640    0.6817    0.5331    0.5742    0.4154   0.03202  0.006586   0.02224
     21/54     12.3G   0.02295   0.01329   0.01607   0.05231        65       640    0.6055    0.5688    0.5551    0.3899   0.02949  0.006635   0.02157
     22/54     12.3G   0.02286   0.01318   0.01558   0.05162       108       640    0.6083    0.6035    0.6013    0.4194   0.03158  0.006634    0.0211
     23/54     12.3G   0.02265   0.01302   0.01575   0.05142        91       640    0.5759    0.5851    0.5787    0.4137   0.03191  0.006484    0.0233
     24/54     12.3G   0.02254   0.01297   0.01533   0.05084        49       640    0.5846    0.6304    0.6066    0.4232   0.03132  0.006665   0.02028
     25/54     12.3G   0.02238   0.01327   0.01505    0.0507        96       640    0.6952    0.5186    0.5946    0.4267   0.03086  0.006644   0.02132
     26/54     12.3G   0.02183   0.01291   0.01484   0.04958        94       640     0.648    0.5287    0.5706     0.406   0.03149  0.006717   0.02074
     27/54     12.3G   0.02188   0.01282   0.01454   0.04924        45       640    0.6771    0.5429    0.5714    0.4054   0.03047  0.006706   0.02211
     28/54     12.3G   0.02186   0.01292    0.0146   0.04938        53       640    0.6753    0.5684     0.595    0.4113   0.03075  0.006783   0.02129
     29/54     12.3G   0.02112   0.01274   0.01423   0.04808        65       640    0.7155    0.5684    0.6209    0.4268   0.03033   0.00658   0.01925
     30/54     12.3G   0.02126    0.0127   0.01396   0.04792        87       640    0.5971    0.5978    0.6085    0.4355   0.03102  0.006611   0.01951
     31/54     12.3G   0.02076   0.01259   0.01371   0.04706       115       640     0.724    0.5472    0.6175    0.4298   0.02983  0.006572   0.01885
     32/54     12.3G   0.02067   0.01254   0.01316   0.04637        87       640    0.6858    0.6044    0.6257    0.4399   0.03087  0.006628   0.01955
     33/54     12.3G    0.0205   0.01236   0.01319   0.04604        78       640    0.7365    0.5575    0.6217    0.4384    0.0304   0.00663   0.01899
     34/54     12.3G   0.02061   0.01221    0.0126   0.04542        82       640    0.6923    0.5883    0.6353    0.4526   0.03126  0.006626   0.01883
     35/54     12.3G   0.02019   0.01216   0.01292   0.04527        69       640    0.5304    0.6605    0.6407    0.4652    0.0294   0.00644   0.01935
     36/54     12.3G   0.02009   0.01198   0.01255   0.04462        80       640    0.5911    0.5989    0.6174     0.452   0.02935  0.006678   0.01748
     37/54     12.3G   0.02016    0.0118   0.01218   0.04414        92       640    0.6472    0.5825     0.627    0.4494    0.0302  0.006545   0.01757
     38/54     12.3G   0.01949   0.01181    0.0117     0.043       113       640    0.6621    0.5826    0.6412    0.4518   0.02953  0.006689    0.0175
     39/54     12.3G   0.01911   0.01195   0.01169   0.04275        95       640    0.6318    0.5998    0.6423    0.4663   0.02813  0.006697   0.01705
     40/54     12.3G   0.01903   0.01177   0.01133   0.04212        92       640    0.7127    0.5706    0.6368    0.4531   0.02852  0.006705   0.01676
     41/54     12.3G    0.0186   0.01171    0.0115    0.0418        92       640    0.7109    0.5975    0.6555    0.4692   0.03032  0.006691   0.01833
     42/54     12.3G   0.01892   0.01148   0.01129   0.04169        74       640    0.6437    0.6126    0.6412    0.4576     0.029  0.006625   0.01663
     43/54     12.3G   0.01848   0.01162   0.01116   0.04126       108       640    0.7215    0.6135    0.6614    0.4572   0.02957   0.00653   0.01845
     44/54     12.3G   0.01829   0.01135   0.01055   0.04019        92       640     0.649    0.6348    0.6751    0.4838    0.0294  0.006595   0.01773
     45/54     12.3G   0.01836   0.01132   0.01064   0.04031        80       640    0.6854    0.6232    0.6718    0.4683   0.02909  0.006532   0.01664
     46/54     12.3G    0.0183   0.01114   0.01046   0.03989        68       640    0.6361     0.635    0.6724    0.4746   0.02869    0.0065    0.0165
     47/54     12.3G   0.01812   0.01113   0.01016   0.03942        91       640    0.6391    0.6587    0.6691    0.4741   0.02892  0.006506   0.01707
     48/54     12.3G   0.01815   0.01105   0.01012   0.03932        76       640    0.7626    0.5848    0.6572    0.4716   0.02838  0.006737   0.01589
     49/54     12.3G    0.0179   0.01103   0.00989   0.03882        74       640    0.6744    0.6433    0.6752    0.4794   0.02912  0.006739   0.01642
     50/54     12.3G    0.0177   0.01092  0.009959   0.03858        57       640     0.692    0.6336    0.6794     0.475   0.02953  0.006698    0.0171
     51/54     12.3G   0.01757     0.011  0.009947   0.03851        93       640     0.773    0.5988    0.6865    0.4752   0.02927  0.006654     0.016
     52/54     12.3G   0.01756   0.01097  0.009486   0.03801        93       640    0.6309    0.6471    0.6727    0.4835   0.02847  0.006736   0.01687
     53/54     12.3G   0.01749   0.01094  0.009517   0.03794        74       640    0.7517    0.5817    0.6626    0.4692   0.02855  0.006719   0.01674
     54/54     12.3G   0.01753   0.01083  0.009501   0.03786        68       640    0.6909    0.6082    0.6686    0.4738   0.02902  0.006825   0.01702
